360 0.17556
361 0.17548
362 0.1754
363 0.17532
364 0.17524
365 0.17516
366 0.17509
367 0.17501
368 0.17494
369 0.17488
370 0.17482
371 0.17477
372 0.17472
373 0.17466
374 0.17459
375 0.17451
376 0.17441
377 0.17431
378 0.17422
379 0.17416
380 0.17411
381 0.17409
382 0.17407
383 0.17406
384 0.17404
385 0.17401
386 0.17397
387 0.17393
388 0.17389
389 0.17384
390 0.1738
391 0.17376
392 0.1737
393 0.17366
394 0.17361
395 0.17356
396 0.17351
397 0.17347
398 0.17342
399 0.17338
400 0.17334
401 0.17329
402 0.17324
403 0.17317
404 0.1731
405 0.17302
406 0.17293
407 0.17284
408 0.17275
409 0.17266


